Just NFP PermuInv max pooling with (58,58,58,58,100):

1 Run:
0.8601851851851852 0.8560763888888889 0.9819444444444444 0.9697337962962963
0.8601851851851852 0.8586805555555556 0.9872685185185185 0.9726851851851852
0.8601851851851852 0.856712962962963 0.9847222222222223 0.971875
0.8601851851851852 0.858738425925926 0.9858796296296296 0.9740740740740741
0.8601851851851852 0.8582175925925926 0.9752314814814815 0.9659722222222222
0.8601851851851852 0.8572337962962963 0.9807870370370371 0.9678240740740741

10 runs:

0.8601851851851852 0.8580439814814813 0.9830787037037038 0.970011574074074
0.8601851851851852 0.857204861111111 0.9816666666666667 0.9677719907407407
0.860162037037037 0.8569849537037036 0.9812268518518517 0.967002314814815
0.8601851851851852 0.8569155092592592 0.9788194444444445 0.965347222222222
0.8601851851851852 0.8569733796296296 0.9779166666666667 0.9652546296296295
0.8601388888888888 0.8571817129629629 0.9823611111111111 0.9692708333333334






Just NFP Concanentat with (58,58,58,58,100):
1 Run:
0.8594907407407407 0.8537037037037037               0.969212962962963 0.9552083333333333
0.8599537037037037 0.8554398148148148               0.975925925925926 0.9612268518518519
0.8601851851851852 0.8578125               0.9824074074074074 0.9719328703703703
0.8599537037037037 0.8561921296296297               0.9814814814814815 0.9696759259259259
0.8597222222222223 0.8566550925925925               0.9722222222222222 0.9617476851851852
0.8601851851851852 0.8592013888888889               0.9796296296296296 0.9711805555555556




Just NFP Concanentat with (58,58,58,58,100):
10 Runs
0.8601388888888888 0.8564351851851854               0.9777083333333334 0.9653819444444445
0.8601388888888888 0.8566782407407407               0.9776157407407406 0.9652083333333333
0.8600231481481482 0.8569212962962963               0.9769212962962962 0.9655960648148149
0.860162037037037 0.8567650462962962               0.9782407407407406 0.9647800925925925
0.8601388888888888 0.8571643518518519               0.9771759259259258 0.9665914351851853
0.8600231481481482 0.8571238425925924               0.9797453703703705 0.9677604166666667


Just NFP Concanentat with (100):
10 Runs
0.8599537037037038 0.8549768518518519               0.9803240740740741 0.9662731481481481
0.8598148148148148 0.855457175925926               0.9809027777777779 0.9679050925925926
0.86 0.8553587962962963               0.9821990740740741 0.968287037037037
0.8600694444444444 0.8554224537037036               0.9782175925925927 0.9648784722222222
0.8598842592592593 0.8548668981481482               0.9818287037037037 0.967962962962963
0.8599768518518518 0.8554050925925927               0.9792361111111111 0.9658391203703705